0.7413358092308044
7.705318927764893
0.7897554636001587
1.3441675901412964
3.704808473587036
2.4169113636016846
0.47896918654441833
0.1353512704372406
1.0047787427902222
1.6106417179107666
1.3266513347625732
0.5981811285018921
0.10126537084579468
0.13096056878566742
0.4908559024333954
0.7706508636474609
0.7290435433387756
0.43890097737312317
0.14337216317653656
0.03478258475661278
0.13138803839683533
0.30237877368927
0.39281323552131653
0.3401157259941101
0.19779685139656067
0.07179924845695496
0.036072198301553726
0.08822977542877197
0.16589878499507904
0.20191466808319092
0.17273156344890594
0.10612194985151291
0.0509692057967186
0.038761239498853683
0.06509893387556076
0.09975186735391617
0.11290237307548523
0.09625428169965744
0.0649029016494751
0.041984621435403824
0.04015637934207916
0.054059095680713654
0.06772264093160629
0.06884116679430008
0.05756887421011925
0.043874591588974
0.03773249685764313
0.04125787690281868
0.048552047461271286
0.051904961466789246
0.04831480234861374
0.041098758578300476
0.036097653210163116
0.03637870401144028
0.040053803473711014
0.04265790805220604
0.04143311083316803
0.03749934211373329
0.034285448491573334
0.034146856516599655
0.03642503172159195
0.038447361439466476
0.03815874457359314
0.03584269434213638
0.03354858607053757
0.03303597867488861
0.034246109426021576
0.035604726523160934
0.03565794974565506
0.034377649426460266
0.032978449016809464
0.0326198935508728
0.03334985673427582
0.034226007759571075
0.034327562898397446
0.033591147512197495
0.03272857517004013
0.032444123178720474
0.032787226140499115
0.03322440758347511
0.03324771672487259
0.032852351665496826
0.03244605287909508
0.03237593173980713
0.03260009363293648
0.03279900923371315
0.03273825719952583
0.03248104080557823
0.03226780146360397
0.032243769615888596
0.032335858792066574
0.03237515315413475
0.032292671501636505
0.03217071294784546
0.03212277218699455
0.03216183930635452
0.032201606780290604
0.0321664921939373
0.03207205981016159
0.03199336305260658
0.031973451375961304
0.03198327124118805
0.031968627125024796
0.03191737085580826
0.03186694160103798
0.03185264766216278
0.03186428174376488
0.03186134248971939
0.031821731477975845
0.03176422789692879
0.031722292304039
0.031705666333436966
0.031694915145635605
0.03166961669921875
0.031632766127586365
0.03160317614674568
0.031590018421411514
0.03158189356327057
0.03156189247965813
0.03152696043252945
0.03148923069238663
0.031460296362638474
0.03143918514251709
0.031417325139045715
0.03139083459973335
0.031364139169454575
0.03134233504533768
0.03132389113306999
0.031302567571401596
0.03127536177635193
0.031245209276676178
0.031216777861118317
0.031191159039735794
0.03116624429821968
0.031140627339482307
0.031115517020225525
0.031092094257473946
0.03106931783258915
0.03104483149945736
0.031017787754535675
0.03098965808749199
0.03096223622560501
0.030935712158679962
0.030909333378076553
0.03088291920721531
0.030857078731060028
0.030832044780254364
0.03080681711435318
0.030780315399169922
0.030752528458833694
0.03072432614862919
0.03069659322500229
0.03066926635801792
0.030642015859484673
0.030614860355854034
0.03058798238635063
0.030561203137040138
0.03053397126495838
0.03050594963133335
0.030477313324809074
0.030448591336607933
0.030420061200857162
0.030391748994588852
0.030363531783223152
0.030335422605276108
0.030307235196232796
0.030278818681836128
0.030249889940023422
0.030220510438084602
0.030190901830792427
0.030161317437887192
0.030131805688142776
0.030102387070655823
0.03007298894226551
0.03004353679716587
0.03001384809613228
0.02998380921781063
0.029953457415103912
0.029922809451818466
0.02989213354885578
0.029861455783247948
0.029830820858478546
0.02980012260377407
0.029769383370876312
0.02973843179643154
0.029707180336117744
0.029675684869289398
0.029643965885043144
0.029612163081765175
0.02958030439913273
0.029548440128564835
0.029516495764255524
0.029484445229172707
0.02945217490196228
0.02941971644759178
0.029386989772319794
0.029354164376854897
0.029321173205971718
0.02928815595805645
0.029255053028464317
0.029221851378679276
0.029188521206378937
0.029154984280467033
0.029121259227395058
0.029087355360388756
0.0290533434599638
0.02901921235024929
0.028985008597373962
0.02895069122314453
0.028916269540786743
0.028881683945655823
0.028846949338912964
0.02881203033030033
0.028776993975043297
0.02874184399843216
0.02870662324130535
0.02867130935192108
0.02863585762679577
0.028600281104445457
0.028564590960741043
0.028528738766908646
0.02849275805056095
0.028456714004278183
0.02842053584754467
0.028384311124682426
0.02834799326956272
0.02831156551837921
0.028275011107325554
0.028238361701369286
0.028201576322317123
0.028164751827716827
0.028127843514084816
0.028090860694646835
0.028053831309080124
0.028016721829771996
0.027979491278529167
0.027942217886447906
0.027904871851205826
0.02786749042570591
0.02783004567027092
0.027792559936642647
0.02775505930185318
0.027717476710677147
0.027679866179823875
0.027642229571938515
0.0276045985519886
0.027566907927393913
0.027529267594218254
0.027491578832268715
0.027453916147351265
0.027416253462433815
0.02737857960164547
0.02734098955988884
0.027303354814648628
0.027265772223472595
0.027228230610489845
0.027190789580345154
0.027153367176651955
0.027116011828184128
0.02707870863378048
0.027041470631957054
0.027004363015294075
0.02696736343204975
0.026930423453450203
0.026893632486462593
0.02685694769024849
0.026820341125130653
0.026783913373947144
0.02674764022231102
0.02671153098344803
0.026675565168261528
0.02663976512849331
0.026604175567626953
0.026568742468953133
0.026533514261245728
0.02649853192269802
0.026463713496923447
0.026429135352373123
0.026394816115498543
0.02636072412133217
0.026326902210712433
0.026293309405446053
0.026260005310177803
0.02622697688639164
0.02619428001344204
0.02616185136139393
0.026129668578505516
0.026097895577549934
0.02606639638543129
0.026035219430923462
0.026004403829574585
0.025973906740546227
0.025943772867321968
0.02591400034725666
0.025884609669446945
0.02585553377866745
0.025826890021562576
0.025798600167036057
0.025770723819732666
0.025743206962943077
0.02571611851453781
0.0256893802434206
0.025663089007139206
0.02563718520104885
0.025611666962504387
0.025586549192667007
0.025561917573213577
0.02553761750459671
0.02551373839378357
0.025490272790193558
0.025467215105891228
0.02544453740119934
0.025422288104891777
0.025400418788194656
0.025378961116075516
0.025357821956276894
0.02533711865544319
0.025316741317510605
0.025296742096543312
0.02527707815170288
0.025257781147956848
0.02523876540362835
0.025220118463039398
0.025201763957738876
0.02518368512392044
0.025165898725390434
0.025148361921310425
0.025131061673164368
0.025113994255661964
0.025097154080867767
0.02508050948381424
0.02506399154663086
0.02504766546189785
0.025031421333551407
0.025015294551849365
0.024999290704727173
0.024983298033475876
0.024967322126030922
0.024951394647359848
0.024935418739914894
0.024919426068663597
0.024903330951929092
0.024887140840291977
0.024870814755558968
